20
73 26
5 8 4 54214
82 81
58 56 739 82
1000000000 1
12 7 74 12
59 26
14 19 681 59
497151700 96511
9 7 6 999919625
112 73
1 5 3 64100
693840425 90561
2 6 7 999957328
840698758 13331
8 7 10 999955808
28 21
6 5 1 85919
254 99
1 8 9 74990
131 74
1 9 10 78736
46 18
7 11 9 46
45068754 29153
2 9 5 999904402
977365070 59489
8 5 9 999966210
1000000000 100000
999999999 1 999999999 1000000000
1000000000 100000
1 1 0 2
137 49
48 17 461 137
198 81
8 5 7 83495
1000000000 100000
100000 1 0 1000000000
66 39
35 2 589 66
