111
2 10 1
2 10 4
2 1000 0
10 2 1
10 10 1
10000 10000 4
9999 10000 4
0 969 0
0 969 1
3 5 2
3 5 3
9731 1 4
9731 1 3
6782 7891 0
6782 5555 3
1005 2 3
2102 3360 1
6951 8535 3
5131 6864 2
5734 5777 0
3478 8042 4
9316 2275 3
4244 3862 2
9982 4435 4
9019 75 0
6316 7358 2
9991 4534 1
6132 4186 2
4622 1776 3
3965 3532 4
1776 7006 3
475 7758 0
5363 6584 1
5736 2844 2
8139 8268 4
4768 2331 0
7129 8541 1
4505 9203 4
7788 8919 1
2188 8354 4
6801 7403 2
8307 6544 2
8053 8470 3
6886 6404 3
1940 9633 2
7734 6324 4
134 2789 0
62 9236 1
9157 5789 0
4148 5620 4
4249 2810 1
8835 9696 4
351 9837 2
128 117 1
4529 9087 0
295 7924 4
5155 5512 3
9978 9516 1
8256 1522 4
9234 8259 2
8815 6259 2
7583 1912 2
2899 8961 4
740 6987 0
2709 3993 2
1737 2278 4
8395 9049 1
5764 60 3
7134 2203 0
1372 7384 3
6321 2500 1
4626 1821 2
8807 1085 1
2919 8794 3
5052 8938 0
3023 2163 4
7985 9753 4
5760 2906 1
2158 1192 3
6742 4278 1
3348 5573 4
412 266 1
6358 3077 2
5917 7146 3
5367 3800 3
5853 1005 4
0 10 0
0 1 0
0 10000 4
0 2 0
0 666 0
0 5 0
0 10000 0
2 20 4
9 1 0
0 100 0
10000 10000 4
10000 1 4
0 1000 0
0 3 0
10 10000 1
0 1000 4
0 7 0
100 1 2
1000 2 4
9997 9999 3
10 2 2
10 1 1
0 10 4
5330 6874 4
999 1 3
10 4 4
2 16 4
1000 10000 4
4847 9909 4
10000 1 1
100 8 4
10 3 0